10836
53482
25459
59230
10028
62524
58632
8681
12813
14648
47945
46048
23582
26352
57754
29121
27800
15850
43183
9301
49790
21943
61299
26512
6375
59912
38349
13670
172
24926
63841
3278
1023
9339
52907
60526
44207
42243
60684
2078
39199
55322
6665
5685
36849
38612
43689
53328
3099
14086
2048
12422
5141
45762
4555
39637
46047
4294
48624
28753
5216
43983
41341
4472
45149
61135
44675
35946
26787
8369
64781
46476
25690
44914
64462
13084
32695
55541
43583
47339
8405
41817
14566
55068
18672
24537
35005
65383
40192
50707
57182
52883
32017
27274
54780
60816
31498
34383
5260
38215
4261
55170
3073
41973
10037
46786
18837
24873
15065
15652
36007
18490
54242
44275
55435
7876
1323
60903
54870
1967
12971
18245
39
22860
51591
4255
62036
37182
53153
36881
34540
34905
23992
60341
59420
57055
41288
63396
56759
48009
60469
51809
17501
18666
29944
43888
53522
41609
41907
62275
11673
2027
23713
25794
47040
32340
30731
65492
4992
31712
10288
9680
37988
40596
10333
33948
49526
51709
16907
49143
53044
44156
40822
25133
32756
42068
64351
43623
1053
10901
36067
18240
64419
22806
29244
42160
57544
16184
50752
58487
56425
39217
49335
56542
13659
5577
39342
4784
20924
49288
4488
54548
10748
57568
47983
46298
23813
52253
35818
4318
603
52725
57884
28350
19929
38087
50600
42664
63442
2371
30208
25138
46928
22375
36766
11794
31209
18160
61817
1183
8405
3499
32284
10240
37946
9387
45427
50910
55318
40149
33781
59835
20493
7513
65118
47553
38156
27153
21535
18537
42803
46714
1840
37340
5178
30295
817
48828
1247
1380
24920
28004
26251
48606
36654
35488
24733
43123
25011
34597
31108
14750
35166
19766
46743
54999
19429
37372
17837
35690
6948
2952
65479
14242
59040
53323
9305
3991
1052
2714
54226
50982
31948
6993
2362
51530
64745
58853
36259
12267
46228
63075
49007
24779
8058
27469
8963
41647
61118
31336
54509
13702
37561
15393
57022
26430
4577
24102
37492
22432
48353
61125
54308
5666
48728
41002
14710
5931
44278
28933
12769
43369
59659
24422
50338
47490
16662
46898
37262
22791
50280
16341
37613
53059
52379
22669
104
34198
45091
20663
47188
38894
42579
38310
50448
51821
41369
51759
10935
55859
5175
27048
54609
44646
6134
8296
42110
39520
32621
46017
34355
20661
14438
55931
57829
8832
47232
14865
16377
56757
8202
21436
53548
57893
22803
17382
59061
36235
53860
3637
26881
50667
64895
52508
14230
27903
27767
34147
7139
51480
9761
57582
37428
14074
28129
32909
19025
44550
3401
32401
33881
4972
64140
48188
43268
64563
41990
34403
63001
9900
61656
25264
19344
40213
13647
37511
845
31355
37198
13149
59163
45848
58427
19004
26276
61511
15930
27081
60440
36968
22339
45890
55785
39511
35529
27734
18724
1389
26579
16672
63037
4083
27266
3021
1153
39181
39566
58905
61009
3785
54067
42177
23749
40745
31260
13866
62447
513
36012
50188
52406
35815
43870
49243
14674
54744
15078
2067
8570
21688
46936
7990
17950
54455
59504
55425
52604
10798
5187
58685
50953
10499
30766
13997
50619
22545
60544
30377
5737
1343
28383
22758
33386
41807
32614
5576
31562
25122
30183
64314
12041
4005
48424
58313
33735
47296
53835
20631
45406
37169
60494
23501
61103
7409
52211
18246
61953
53304
48240
55948
20435
41615
43655
25638
48220
53214
10047
6364
63843
1588
32390
53282
40784
64153
58886
7158
48210
10384
26231
21448
29413
53648
3878
578
49309
2442
24893
58632
35500
15940
42051
16376
3559
38581
2043
7026
10182
20515
30495
21251
23505
52956
47891
22402
28852
487
53337
45515
26875
29345
59175
43467
4181
31977
45198
48358
26261
47222
2085
36633
41164
12995
22931
51164
64994
16498
63953
26325
12836
4067
2759
57715
5174
53950
63050
8516
36843
64507
32941
57393
47397
18857
23672
869
25641
55135
54611
23560
39433
26259
63871
34459
63833
9924
54330
43612
60687
14144
6519
19028
10328
43256
45502
42463
1385
8015
5418
50774
62055
9334
23336
2021
43364
36825
27535
60541
25269
54524
16899
23852
53868
62832
46896
12543
38424
898
39498
11336
46672
27416
63692
32892
13014
32052
32903
47146
55367
20189
49624
33662
11709
53328
25094
58727
26504
60193
49838
12079
29913
28690
20137
11582
24691
1495
8589
2902
64392
8958
37128
13708
48293
19764
51387
50682
44752
26946
1763
39189
32117
18316
35695
42285
3090
56063
14612
42986
33704
41587
39505
10201
28577
55456
8071
27589
63079
31562
16819
44704
46030
18855
53990
2210
29373
33229
21719
22054
25691
37004
11012
42487
23599
41821
64225
17484
40322
19603
28200
26956
28203
17413
52037
35380
43257
64688
49869
44818
7530
59527
18654
25893
36507
6392
2685
39685
28538
39652
54258
6300
6560
49689
10697
19818
44559
16682
7374
54290
18061
47322
34460
34561
49872
38031
63943
5984
43342
59838
45913
18804
6081
25865
17607
53442
7703
31518
53894
3744
36732
23548
3511
65479
767
63086
15353
34047
34777
32432
94
212
19329
55175
20935
23561
57532
18321
21913
50428
64064
34581
16490
36715
45090
19337
2302
8762
61645
34709
39637
52294
41902
1762
21831
6265
36927
26229
24699
65519
3910
39816
43806
24540
22751
54602
121
56291
20353
149
28448
54576
37446
10548
23134
7895
30201
24963
52544
24972
2195
24782
37460
48924
11469
12652
55504
51833
5811
47963
52116
42703
24011
50479
467
28722
35021
56828
33139
36476
28969
7535
41338
24518
23898
32302
17517
42797
59064
59320
214
18242
3702
35536
5627
12563
41970
42045
50728
51736
55398
55154
31517
53313
36965
19463
9822
27765
25976
24507
41699
27938
321
51584
37275
52283
25252
21262
43872
45736
1049
5034
53994
9925
50081
15065
9418
51285
53279
49797
50279
15041
59464
47127
28605
47780
33890
33113
51852
28077
26756
34572
30939
8311
57569
55800
16998
48332
1828
45625
41293
61561
55152
29223
61413
27053
12105
8191
22726
9654
43204
64195
17026
33419
27475
61582
2854
50890
49450
48724
63479
24343
30579
29699
35023
8033
44982
62230
15817
60045
60761
56014
65102
32765
25071
45763
62408
7189
2456
9432
58607
42028
17744
49291
6882
20172
46775
15850
4940
62373
3855
5139
52445
17151
56592
43099
14859
12030
45582
30320
21200
29308
61935
37129
